4.730000000000000000e+04 3.406200000000000000e+04 2.620000000000000000e+02 3.215000000000000000e+03 6.580000000000000000e+02 4.200000000000000000e+01 4.000000000000000000e+00 6.580000000000000000e+02 2.100000000000000000e+01 2.000000000000000000e+01 8.624200000000000000e+04
2.392000000000000000e+03 5.610000000000000000e+03 7.300000000000000000e+01 5.300000000000000000e+01 1.700000000000000000e+01 3.000000000000000000e+00 0.000000000000000000e+00 0.000000000000000000e+00 3.000000000000000000e+00 3.000000000000000000e+00 8.154000000000000000e+03
1.885000000000000000e+04 3.863700000000000000e+04 2.480000000000000000e+02 8.280000000000000000e+02 1.710000000000000000e+02 1.800000000000000000e+01 5.000000000000000000e+00 3.000000000000000000e+00 3.700000000000000000e+01 1.800000000000000000e+01 5.881500000000000000e+04
3.072000000000000000e+03 5.413000000000000000e+03 6.500000000000000000e+01 8.400000000000000000e+01 2.800000000000000000e+01 2.000000000000000000e+00 0.000000000000000000e+00 0.000000000000000000e+00 3.000000000000000000e+00 2.000000000000000000e+00 8.669000000000000000e+03
9.731800000000000000e+04 1.151850000000000000e+05 5.700000000000000000e+02 4.470000000000000000e+03 6.430000000000000000e+02 3.900000000000000000e+01 1.100000000000000000e+01 1.100000000000000000e+01 7.600000000000000000e+01 7.200000000000000000e+01 2.183950000000000000e+05
3.865180000000000000e+05 1.772790000000000000e+05 7.890000000000000000e+02 7.099000000000000000e+03 1.212000000000000000e+03 1.280000000000000000e+02 4.900000000000000000e+01 3.500000000000000000e+01 1.230000000000000000e+02 7.400000000000000000e+01 5.733060000000000000e+05
2.155000000000000000e+03 2.873000000000000000e+03 9.000000000000000000e+01 3.900000000000000000e+01 1.000000000000000000e+01 1.000000000000000000e+00 0.000000000000000000e+00 1.000000000000000000e+00 3.000000000000000000e+00 2.000000000000000000e+00 5.174000000000000000e+03
2.964100000000000000e+04 3.541900000000000000e+04 1.820000000000000000e+02 1.461000000000000000e+03 1.270000000000000000e+02 1.500000000000000000e+01 6.000000000000000000e+00 3.000000000000000000e+00 1.200000000000000000e+01 1.900000000000000000e+01 6.688500000000000000e+04
2.550100000000000000e+04 2.974400000000000000e+04 2.700000000000000000e+02 1.378000000000000000e+03 1.940000000000000000e+02 1.600000000000000000e+01 5.000000000000000000e+00 0.000000000000000000e+00 2.800000000000000000e+01 1.800000000000000000e+01 5.715400000000000000e+04
1.463000000000000000e+04 4.174500000000000000e+04 1.860000000000000000e+02 5.620000000000000000e+02 2.040000000000000000e+02 1.400000000000000000e+01 1.000000000000000000e+00 3.000000000000000000e+00 9.000000000000000000e+00 6.000000000000000000e+00 5.736000000000000000e+04
2.990500000000000000e+04 6.042600000000000000e+04 1.220000000000000000e+02 1.400000000000000000e+03 1.850000000000000000e+02 3.400000000000000000e+01 7.000000000000000000e+00 4.000000000000000000e+00 2.900000000000000000e+01 1.000000000000000000e+01 9.212200000000000000e+04
7.047000000000000000e+03 1.096400000000000000e+04 8.900000000000000000e+01 2.580000000000000000e+02 1.270000000000000000e+02 7.000000000000000000e+00 1.000000000000000000e+00 2.000000000000000000e+00 5.000000000000000000e+00 8.000000000000000000e+00 1.850800000000000000e+04
3.287020000000000000e+05 2.894560000000000000e+05 5.610000000000000000e+02 5.355000000000000000e+03 7.590000000000000000e+02 1.190000000000000000e+02 8.800000000000000000e+01 3.600000000000000000e+01 1.240000000000000000e+02 6.900000000000000000e+01 6.252690000000000000e+05
3.322000000000000000e+03 4.256000000000000000e+03 3.600000000000000000e+01 1.570000000000000000e+02 2.300000000000000000e+01 0.000000000000000000e+00 0.000000000000000000e+00 3.000000000000000000e+00 2.000000000000000000e+00 8.000000000000000000e+00 7.807000000000000000e+03
1.825000000000000000e+03 2.698000000000000000e+03 2.900000000000000000e+01 7.500000000000000000e+01 3.200000000000000000e+01 2.000000000000000000e+00 0.000000000000000000e+00 0.000000000000000000e+00 2.000000000000000000e+00 3.000000000000000000e+00 4.666000000000000000e+03
1.076800000000000000e+05 1.520820000000000000e+05 6.500000000000000000e+02 2.752000000000000000e+03 9.540000000000000000e+02 1.600000000000000000e+02 3.600000000000000000e+01 1.600000000000000000e+01 4.100000000000000000e+01 5.700000000000000000e+01 2.644280000000000000e+05
4.095800000000000000e+04 7.302900000000000000e+04 5.040000000000000000e+02 1.729000000000000000e+03 2.970000000000000000e+02 2.400000000000000000e+01 6.000000000000000000e+00 3.000000000000000000e+00 2.000000000000000000e+01 1.100000000000000000e+02 1.166800000000000000e+05
1.389100000000000000e+04 1.260800000000000000e+04 8.300000000000000000e+01 4.350000000000000000e+02 6.000000000000000000e+01 4.000000000000000000e+00 1.000000000000000000e+00 3.000000000000000000e+00 1.200000000000000000e+01 3.000000000000000000e+00 2.710000000000000000e+04
2.042000000000000000e+03 2.448000000000000000e+03 3.300000000000000000e+01 8.500000000000000000e+01 1.700000000000000000e+01 3.000000000000000000e+00 1.000000000000000000e+00 0.000000000000000000e+00 2.000000000000000000e+00 3.000000000000000000e+00 4.634000000000000000e+03
9.565000000000000000e+03 4.750000000000000000e+03 3.900000000000000000e+01 1.390000000000000000e+02 2.400000000000000000e+01 4.000000000000000000e+00 7.000000000000000000e+00 3.000000000000000000e+00 1.200000000000000000e+01 6.000000000000000000e+00 1.454900000000000000e+04
1.910000000000000000e+03 3.300000000000000000e+03 2.900000000000000000e+01 9.700000000000000000e+01 5.200000000000000000e+01 1.000000000000000000e+00 0.000000000000000000e+00 0.000000000000000000e+00 4.000000000000000000e+00 2.000000000000000000e+00 5.395000000000000000e+03
1.420000000000000000e+03 1.840000000000000000e+03 9.000000000000000000e+00 5.600000000000000000e+01 1.200000000000000000e+01 3.000000000000000000e+00 0.000000000000000000e+00 1.000000000000000000e+00 1.000000000000000000e+00 0.000000000000000000e+00 3.342000000000000000e+03
2.389000000000000000e+03 3.546000000000000000e+03 7.100000000000000000e+01 8.600000000000000000e+01 2.100000000000000000e+01 4.000000000000000000e+00 2.000000000000000000e+00 2.000000000000000000e+00 9.000000000000000000e+00 2.000000000000000000e+00 6.132000000000000000e+03
1.718000000000000000e+03 2.153000000000000000e+03 2.400000000000000000e+01 3.900000000000000000e+01 1.100000000000000000e+01 2.000000000000000000e+00 6.000000000000000000e+00 9.000000000000000000e+00 4.000000000000000000e+00 7.000000000000000000e+00 3.973000000000000000e+03
2.341000000000000000e+03 3.764000000000000000e+03 3.000000000000000000e+01 7.500000000000000000e+01 1.700000000000000000e+01 2.000000000000000000e+00 0.000000000000000000e+00 0.000000000000000000e+00 3.000000000000000000e+00 2.000000000000000000e+00 6.234000000000000000e+03
3.239000000000000000e+03 4.743000000000000000e+03 2.200000000000000000e+01 1.030000000000000000e+02 1.100000000000000000e+01 1.000000000000000000e+00 3.000000000000000000e+00 2.000000000000000000e+00 2.000000000000000000e+00 7.000000000000000000e+00 8.133000000000000000e+03
3.264400000000000000e+04 3.064600000000000000e+04 2.420000000000000000e+02 1.501000000000000000e+03 1.160000000000000000e+02 2.600000000000000000e+01 8.000000000000000000e+00 4.000000000000000000e+00 2.200000000000000000e+01 1.000000000000000000e+01 6.521900000000000000e+04
1.415200000000000000e+04 2.019600000000000000e+04 9.900000000000000000e+01 4.090000000000000000e+02 5.100000000000000000e+01 1.400000000000000000e+01 5.000000000000000000e+00 3.000000000000000000e+00 7.000000000000000000e+00 5.000000000000000000e+00 3.494100000000000000e+04
1.665810000000000000e+05 1.769670000000000000e+05 8.360000000000000000e+02 7.348000000000000000e+03 1.104000000000000000e+03 2.150000000000000000e+02 3.500000000000000000e+01 2.900000000000000000e+01 1.500000000000000000e+02 6.600000000000000000e+01 3.533310000000000000e+05
2.154000000000000000e+03 4.985000000000000000e+03 7.600000000000000000e+01 9.100000000000000000e+01 1.800000000000000000e+01 7.000000000000000000e+00 1.000000000000000000e+00 3.000000000000000000e+00 2.000000000000000000e+00 6.000000000000000000e+00 7.343000000000000000e+03
1.976900000000000000e+04 2.862700000000000000e+04 1.050000000000000000e+02 9.500000000000000000e+02 1.230000000000000000e+02 1.300000000000000000e+01 4.000000000000000000e+00 2.000000000000000000e+00 1.000000000000000000e+01 1.300000000000000000e+01 4.961600000000000000e+04
6.868000000000000000e+03 9.138000000000000000e+03 1.020000000000000000e+02 1.380000000000000000e+02 4.000000000000000000e+01 2.000000000000000000e+00 0.000000000000000000e+00 1.000000000000000000e+00 7.000000000000000000e+00 4.000000000000000000e+00 1.630000000000000000e+04
3.038000000000000000e+03 2.481000000000000000e+03 2.900000000000000000e+01 7.600000000000000000e+01 1.400000000000000000e+01 1.000000000000000000e+00 2.000000000000000000e+00 1.000000000000000000e+00 0.000000000000000000e+00 0.000000000000000000e+00 5.642000000000000000e+03
7.880000000000000000e+02 1.669000000000000000e+03 1.000000000000000000e+01 2.600000000000000000e+01 6.000000000000000000e+00 0.000000000000000000e+00 3.000000000000000000e+00 1.000000000000000000e+00 0.000000000000000000e+00 1.000000000000000000e+00 2.504000000000000000e+03
3.655500000000000000e+04 4.996300000000000000e+04 2.890000000000000000e+02 1.459000000000000000e+03 2.030000000000000000e+02 3.600000000000000000e+01 4.000000000000000000e+00 1.000000000000000000e+00 1.400000000000000000e+01 2.100000000000000000e+01 8.854500000000000000e+04
7.356000000000000000e+04 1.061410000000000000e+05 3.050000000000000000e+02 3.587000000000000000e+03 5.380000000000000000e+02 8.100000000000000000e+01 3.000000000000000000e+01 5.000000000000000000e+00 9.600000000000000000e+01 3.400000000000000000e+01 1.843770000000000000e+05
6.142500000000000000e+04 3.905300000000000000e+04 2.820000000000000000e+02 1.932000000000000000e+03 3.300000000000000000e+02 2.800000000000000000e+01 9.000000000000000000e+00 7.000000000000000000e+00 3.100000000000000000e+01 1.600000000000000000e+01 1.031130000000000000e+05
5.403000000000000000e+03 6.860000000000000000e+03 6.700000000000000000e+01 2.840000000000000000e+02 9.200000000000000000e+01 1.000000000000000000e+00 1.000000000000000000e+00 1.000000000000000000e+00 1.100000000000000000e+01 1.000000000000000000e+01 1.273000000000000000e+04
1.011000000000000000e+03 1.316000000000000000e+03 3.900000000000000000e+01 1.900000000000000000e+01 1.200000000000000000e+01 3.000000000000000000e+00 0.000000000000000000e+00 0.000000000000000000e+00 2.000000000000000000e+00 1.000000000000000000e+00 2.403000000000000000e+03
3.011000000000000000e+03 3.038000000000000000e+03 2.900000000000000000e+01 5.400000000000000000e+01 1.800000000000000000e+01 2.000000000000000000e+00 0.000000000000000000e+00 1.000000000000000000e+00 5.000000000000000000e+00 1.000000000000000000e+00 6.159000000000000000e+03
4.916900000000000000e+04 5.794800000000000000e+04 2.720000000000000000e+02 2.489000000000000000e+03 2.430000000000000000e+02 3.500000000000000000e+01 5.000000000000000000e+00 3.000000000000000000e+00 2.600000000000000000e+01 1.900000000000000000e+01 1.102090000000000000e+05
4.464800000000000000e+04 5.513500000000000000e+04 5.630000000000000000e+02 1.810000000000000000e+03 3.610000000000000000e+02 2.600000000000000000e+01 1.400000000000000000e+01 6.000000000000000000e+00 4.900000000000000000e+01 2.200000000000000000e+01 1.026340000000000000e+05
2.661900000000000000e+04 3.386400000000000000e+04 1.080000000000000000e+02 1.075000000000000000e+03 1.050000000000000000e+02 2.900000000000000000e+01 1.300000000000000000e+01 8.000000000000000000e+00 1.200000000000000000e+01 1.900000000000000000e+01 6.185200000000000000e+04
1.648300000000000000e+04 1.605900000000000000e+04 4.700000000000000000e+01 1.090000000000000000e+03 1.620000000000000000e+02 2.600000000000000000e+01 1.000000000000000000e+00 0.000000000000000000e+00 7.000000000000000000e+00 3.000000000000000000e+00 3.387800000000000000e+04
6.952000000000000000e+03 1.640400000000000000e+04 9.000000000000000000e+01 2.550000000000000000e+02 6.300000000000000000e+01 8.000000000000000000e+00 0.000000000000000000e+00 4.000000000000000000e+00 3.000000000000000000e+00 3.000000000000000000e+00 2.378200000000000000e+04
1.692400000000000000e+04 5.204300000000000000e+04 2.670000000000000000e+02 9.840000000000000000e+02 3.130000000000000000e+02 1.500000000000000000e+01 4.000000000000000000e+00 2.000000000000000000e+00 2.000000000000000000e+01 3.300000000000000000e+01 7.060500000000000000e+04
4.588000000000000000e+03 5.058000000000000000e+03 4.300000000000000000e+01 1.310000000000000000e+02 2.100000000000000000e+01 4.000000000000000000e+00 1.000000000000000000e+00 1.000000000000000000e+00 4.000000000000000000e+00 3.000000000000000000e+00 9.854000000000000000e+03
1.401150000000000000e+05 1.344760000000000000e+05 4.460000000000000000e+02 3.881000000000000000e+03 8.920000000000000000e+02 6.500000000000000000e+01 1.300000000000000000e+01 7.000000000000000000e+00 4.500000000000000000e+01 4.100000000000000000e+01 2.799810000000000000e+05
2.817700000000000000e+04 2.621600000000000000e+04 1.450000000000000000e+02 7.320000000000000000e+02 3.090000000000000000e+02 2.100000000000000000e+01 1.000000000000000000e+01 5.000000000000000000e+00 3.300000000000000000e+01 1.000000000000000000e+01 5.565800000000000000e+04
2.689450000000000000e+05 1.528460000000000000e+05 3.407000000000000000e+03 5.564000000000000000e+03 7.430000000000000000e+02 1.430000000000000000e+02 4.500000000000000000e+01 3.020000000000000000e+02 1.030000000000000000e+02 1.880000000000000000e+02 4.322860000000000000e+05
6.955000000000000000e+04 6.858100000000000000e+04 5.700000000000000000e+02 3.392000000000000000e+03 4.120000000000000000e+02 8.200000000000000000e+01 1.800000000000000000e+01 1.400000000000000000e+01 7.700000000000000000e+01 1.700000000000000000e+01 1.427130000000000000e+05
1.996600000000000000e+05 1.843120000000000000e+05 1.010000000000000000e+03 9.986000000000000000e+03 1.222000000000000000e+03 4.440000000000000000e+02 4.000000000000000000e+01 2.700000000000000000e+01 1.670000000000000000e+02 7.000000000000000000e+01 3.969380000000000000e+05
7.497700000000000000e+04 9.010100000000000000e+04 5.380000000000000000e+02 2.060000000000000000e+03 3.650000000000000000e+02 5.900000000000000000e+01 8.000000000000000000e+00 5.000000000000000000e+00 3.600000000000000000e+01 4.600000000000000000e+01 1.681950000000000000e+05
1.209100000000000000e+04 1.343900000000000000e+04 1.470000000000000000e+02 3.790000000000000000e+02 1.140000000000000000e+02 7.000000000000000000e+00 2.000000000000000000e+00 4.000000000000000000e+00 1.200000000000000000e+01 1.000000000000000000e+01 2.620500000000000000e+04
1.948200000000000000e+04 3.949700000000000000e+04 2.290000000000000000e+02 1.214000000000000000e+03 2.100000000000000000e+02 1.100000000000000000e+01 4.000000000000000000e+00 2.000000000000000000e+00 1.300000000000000000e+01 1.200000000000000000e+01 6.067400000000000000e+04
4.155900000000000000e+04 3.470500000000000000e+04 1.240000000000000000e+02 1.368000000000000000e+03 1.650000000000000000e+02 1.200000000000000000e+01 4.000000000000000000e+00 1.000000000000000000e+01 2.900000000000000000e+01 1.300000000000000000e+01 7.798900000000000000e+04
1.279500000000000000e+04 3.624800000000000000e+04 3.110000000000000000e+02 7.230000000000000000e+02 1.310000000000000000e+02 1.300000000000000000e+01 1.000000000000000000e+00 1.000000000000000000e+00 1.900000000000000000e+01 4.300000000000000000e+01 5.028500000000000000e+04
7.285400000000000000e+04 8.310000000000000000e+04 3.050000000000000000e+02 4.066000000000000000e+03 4.310000000000000000e+02 9.400000000000000000e+01 1.100000000000000000e+01 5.000000000000000000e+00 5.900000000000000000e+01 1.500000000000000000e+01 1.609400000000000000e+05
5.888800000000000000e+04 7.529300000000000000e+04 1.940000000000000000e+02 1.940000000000000000e+03 5.510000000000000000e+02 3.800000000000000000e+01 3.800000000000000000e+01 5.000000000000000000e+00 7.000000000000000000e+01 2.700000000000000000e+01 1.370440000000000000e+05
9.634000000000000000e+03 1.212600000000000000e+04 1.140000000000000000e+02 3.070000000000000000e+02 5.300000000000000000e+01 2.000000000000000000e+00 2.000000000000000000e+00 0.000000000000000000e+00 1.700000000000000000e+01 3.000000000000000000e+00 2.225800000000000000e+04
4.084000000000000000e+03 8.014000000000000000e+03 1.080000000000000000e+02 1.820000000000000000e+02 5.300000000000000000e+01 4.000000000000000000e+00 2.000000000000000000e+00 0.000000000000000000e+00 5.000000000000000000e+00 9.000000000000000000e+00 1.246100000000000000e+04
2.647000000000000000e+03 4.051000000000000000e+03 2.700000000000000000e+01 5.900000000000000000e+01 4.000000000000000000e+00 3.000000000000000000e+00 0.000000000000000000e+00 1.000000000000000000e+00 1.000000000000000000e+00 8.000000000000000000e+00 6.801000000000000000e+03
1.399000000000000000e+03 2.326000000000000000e+03 2.600000000000000000e+01 2.900000000000000000e+01 1.300000000000000000e+01 0.000000000000000000e+00 1.000000000000000000e+00 0.000000000000000000e+00 0.000000000000000000e+00 0.000000000000000000e+00 3.794000000000000000e+03
9.706300000000000000e+04 8.221400000000000000e+04 3.960000000000000000e+02 2.436000000000000000e+03 3.211000000000000000e+03 3.300000000000000000e+01 9.888000000000000000e+03 3.000000000000000000e+00 5.900000000000000000e+01 2.927000000000000000e+03 1.982300000000000000e+05
3.835000000000000000e+03 4.511000000000000000e+03 4.600000000000000000e+01 1.490000000000000000e+02 3.000000000000000000e+01 3.000000000000000000e+00 2.000000000000000000e+00 1.000000000000000000e+00 6.000000000000000000e+00 0.000000000000000000e+00 8.583000000000000000e+03
5.637000000000000000e+03 1.217600000000000000e+04 1.200000000000000000e+02 2.650000000000000000e+02 6.800000000000000000e+01 1.100000000000000000e+01 3.000000000000000000e+00 2.000000000000000000e+00 1.800000000000000000e+01 7.000000000000000000e+00 1.830700000000000000e+04
2.796000000000000000e+03 4.983000000000000000e+03 8.800000000000000000e+01 9.300000000000000000e+01 3.200000000000000000e+01 2.000000000000000000e+01 0.000000000000000000e+00 0.000000000000000000e+00 5.000000000000000000e+00 9.000000000000000000e+00 8.026000000000000000e+03
